exponential function with lambda 5.0f and the seed 9000 
0.06912576
0.8733411
0.4225692
0.09899922
0.002383127
0.02886477
0.2205455
0.1028772
0.009927375
0.3089554
0.08461121
0.130597
0.02169074
0.04479459
0.1635978
0.2579338
0.06341097
0.2902479
0.5642747
0.09111261
0.02274857
0.2857216
0.02340841
0.2024401
0.0321108
0.3682965
0.06836116
0.04948554
0.2173845
0.08803153
0.6359786
0.07057017
0.1010582
0.1037773
0.06758987
0.4571964
0.1717637
0.318311
0.4005363
0.01692161
0.07104506
0.2747909
0.1058023
0.09463999
0.06130998
0.3938411
0.3241513
0.1304568
0.1243764
0.04706706
0.4207057
0.3652004
0.1732901
0.08114277
0.2018555
0.2650511
0.4601777
0.2395835
0.04152751
0.1675629
0.2446476
0.1612159
0.167389
0.05538212
0.4238317
0.1091355
0.1135562
0.0950509
0.2952946
0.1960375
0.5399659
0.7003252
0.06521776
0.1116498
0.02331994
0.05308779
0.2016314
0.01445284
0.1513457
0.1903144
0.4449326
0.3534425
0.07952031
0.06649767
0.1158866
0.2954332
0.2791716
0.142691
0.002716208
0.1680973
0.07290276
0.0676854
0.3206644
0.1362982
0.2125967
0.008746814
0.222071
0.2278105
0.2507301
0.1545566
0.07300803
0.04851973
0.4658286
0.5375452
0.3042822
0.09169363
0.01457053
0.009460056
0.08388306
0.0363197
0.0393821
0.05335834
0.4584346
0.3909624
0.6903689
0.1057917
0.07937601
0.4581047
0.1411786
0.1282433
0.05835578
0.09059942
0.1035033
0.2102183
0.2898371
0.01764067
0.01953728
0.130495
0.2475038
0.4728338
0.5150428
0.06045274
0.2743826
0.04446492
0.1290247
0.00680585
0.07973877
0.1772411
0.4430058
0.08666238
0.08452722
0.1630686
0.1904793
0.3192142
0.1895891
0.07812059
0.5501008
0.2235553
0.2866139
0.07478353
0.01519412
0.002730164
0.1465372
0.02747383
0.4126796
0.1522906
0.2955406
0.1356021
0.04350436
0.0002038121
0.1616296
0.1152266
0.3573287
0.01759727
0.04258819
0.140442
0.3412664
0.01129008
0.8938648
0.03671529
0.1331053
0.4748742
0.0004317007
0.01397729
0.1332898
0.1279516
0.05150276
0.002127465
0.3273974
0.04713809
0.1297962
0.272083
0.1967413
0.2317628
0.4420874
0.6737441
0.2793743
0.3372031
0.10466
0.6234334
0.07138824
0.2611781
0.0290877
0.07684235
0.02058744
0.04733763
0.5713624
0.3167391
0.07593359
0.05277561
0.1149602
0.4097568
0.2637785
0.198567
0.5252337
0.1950369
0.4533394
0.1027042
0.08062857
0.1595079
0.2631901
0.1274029
0.06510265
0.2980473
0.04280032
0.01414277
0.03958257
0.1748951
0.1897138
0.1482267
0.04814446
0.09350748
0.04603624
0.4985035
0.7254665
0.07232573
0.07480183
0.5374324
0.05561127
0.0204401
0.2423753
0.1885197
0.04288832
0.02918779
0.05238683
0.3868988
0.02563833
0.2229187
0.3888775
0.2477365
0.2710328
0.3839668
0.5599362
0.1443519
0.008909493
0.1292542
0.02860039
0.01166702
0.1327669
0.5271819
0.1042234
0.1077668
0.003186078
0.1085901
0.2103391
0.4188487
0.02727259
0.4203538
0.1901776
0.6053216
0.005812366
0.2774143
0.1587237
0.03038542
0.1340835
0.1692615
0.003578586
0.3193976
0.006817771
0.5144655
0.06134313
0.2913126
0.2309153
0.05449197
0.1429715
0.02161436
0.07979213
0.09124381
0.2372997
0.03313682
0.2437598
0.07114821
0.1173749
0.2647499
0.03184994
0.2769125
0.3048093
0.08698193
0.02713802
0.2119477
0.1235795
0.007754273
0.1844043
0.02391219
0.05499943
0.1246969
0.2447312
0.751124
0.5644855
0.2134375
0.8490563
0.245696
0.5839868
0.07144156
0.03867105
0.07154186
0.4644973
0.06572138
0.05973858
0.1001169
0.1782525
0.02426032
0.0114658
0.04211185
0.05115786
0.00737518
0.04669692
0.5127609
0.3398097
0.2450512
0.06009913
0.3890306
0.03669333
0.1046687
0.03124574
0.09093478
0.01330376
0.2104746
0.2164073
0.01901954
0.2226296
0.2453964
0.4436341
0.02279133
0.3695913
0.03996608
0.1101298
0.7839888
0.002458044
0.09362897
0.01358114
0.04929274
0.01989169
0.05863821
0.02191124
0.01744955
0.1681379
0.1458631
0.6801263
0.0786115
0.2357595
0.4020044
0.2035758
0.3779552
0.1545745
0.2246169
0.09663798
0.02565254
0.1034146
0.1550626
0.1946999
0.1323503
0.05297307
0.04821576
0.05932001
0.03973037
0.1109675
0.3630416
0.03957583
0.2667715
0.1181529
0.1460316
0.2581972
0.2696514
0.2500008
0.1531703
0.1865346
0.02444758
0.05506398
0.2383817
0.03361067
0.02251359
0.09895615
0.07531513
0.06134588
0.1070423
0.04632046
0.136036
0.04287748
0.01101668
0.1110854
0.2605238
0.2815296
0.09682046
0.003494636
0.005404022
0.205541
0.1903856
0.7956463
0.1658123
0.0870299
0.01772706
0.08998398
0.1084231
0.6246274
0.04282977
0.5159495
0.02786794
0.168591
0.03025658
0.0337289
0.05114686
0.1448003
0.06007037
0.2999259
0.01288581
0.0336748
